acc:0.9047619043310657
rec:0.7499999990624999
pre:0.9999999983333333
f1:0.8571428510204081